latitude=26.746462
longitude=94.210754
