latitude=26.74817
longitude=94.209946