latitude=26.748180899788206
longitude=94.21019689206982
